a_s = 2.196e-09
baryon = 0.1564482029598309
baryon_fraction = 0.15644820295983086
cs2_de = 1.0
h0 = 0.6748
hubble = 67.47999999999999
k_s = 0.05000000074505806
massive_nu = 1
massless_nu = 3.046
n_run = 0.0
n_s = 0.9655
ombh2 = 0.0222
omch2 = 0.1197
omega_b = 0.04875316632050455
omega_c = 0.2628718021875853
omega_k = 0.0
omega_lambda = 0.6869695348051928
omega_m = 0.31162496850808985
omega_nu = 0.0014054966867172484
ommh2 = 0.1419
omnuh2 = 0.00064
r_t = 0.0
sterile_neutrino = 0
tau = 0.06
w = -1.0
wa = 0.0
yhe = 0.23999999463558197
