[cosmological_parameters]
omch2  =  0.11    0.12027580394939459    0.13
h0  =  0.65    0.67117186302191967    0.69
ombh2  =  0.019    0.022075428506741976    0.024
n_s  =  0.94    0.9599584174342537    0.98
a_s  =  2.051e-09    2.1002997428306153e-09    2.45e-09
omnuh2  =  0.0009
massive_nu  =  1
tau  =  0.08
omega_k  =  0.0
w  =  -1.0
wa  =  0.0

